19
28
9
28
0
19
14
19
23
9
23
28
8
23
2
0
2
19
7
2
7
19
22
14
22
19
22
28
18
19
8
9
30
9
30
23
30
28
20
8
20
28
20
20
6
0
6
7
16
6
16
7
16
22
10
2
10
16
28
10
28
16
28
22
28
30
22
14
22
19
22
28
26
19
26
22
26
28
31
18
31
26
31
28
31
30
23
26
15
8
15
23
22
15
22
23
27
9
27
23
27
28
25
23
25
27
19
8
19
20
27
19
27
20
27
28
9
20
10
20
25
0
25
7
25
22
25
30
7
7
9
6
9
22
2
9
28
2
28
16
28
25
28
30
23
16
23
25
17
10
17
25
15
17
19
14
19
22
30
28
14
30
14
28
14
28
28
26
14
22
28
19
14
19
28
28
15
28
28
27
15
27
28
25
15
22
28
15
15
8
28
27
10
28
10
22
10
22
22
26
10
26
22
23
10
23
22
27
16
27
22
27
16
27
22
20
16
20
22
19
16
8
22
27
2
27
22
20
2
22
22
25
2
25
22
23
2
23
22
22
2
22
22
20
2
25
22
23
2
23
22
2
2
9
22
25
6
25
22
20
6
23
22
9
6
15
22
15
6
8
22
23
7
23
22
20
7
15
22
9
7
8
22
15
7
6
22
15
0
22
0
26
0
26
26
23
0
19
26
19
0
14
26
15
10
26
10
19
10
19
19
23
10
23
19
10
10
18
19
15
9
19
9
23
9
23
23
18
9
14
23
19
9
0
23
15
19
23
19
14
19
28
28
25
19
22
28
9
19
7
28
15
8
28
8
14
8
14
14
18
8
18
14
10
8
10
14
15
2
15
14
20
2
20
14
20
2
20
14
20
2
20
14
20
2
20
14
2
2
16
14
20
15
20
14
16
15
16
14
2
15
2
14
16
6
16
14
15
6
15
14
2
6
2
14
15
10
15
14
6
10
8
14
10
8
14
8
18
8
18
18
10
8
9
18
19
8
19
18
10
8
18
8
9
8
9
9
10
8
10
9
10
0
10
9
6
0
8
9
9
0
9
9
8
17
9
9
8
23
9
9
8
9
9
9
8
7
9
7
10
7
10
10
8
7
19
10
8
2
10
2
19
2
19
19
8
2
7
19
8
2
19
2
7
2
7
7
8
2
8
7
8
0
8
7
6
0
9
7
19
0
7
7
9
0
9
7
6
0
7
7
7
2
7
7
6
2
0
7
2
2
7
2
8
2
8
8
2
25
8
8
2
19
8
8
2
6
8
6
2
6
22
22
2
0
22
0
2
0
2
2
2
0
2
2
0
6
2
2
6
0
2
