2 2 1 2
3 2 2 2
3 1 0 1
2 1 1 1
3 2 0 2
3 2 0 2
3 2 0 2
3 1 0 1
7 2 0 2
3 2 0 2
5 3 0 3
3 2 0 3
3 2 0 2
5 2 0 2
3 2 0 2
4 2 0 4
5 3 0 2
5 3 0 2
5 2 0 2
5 2 0 2
3 2 0 2
10 2 1 6
3 1 0 2
4 2 0 4
3 1 0 2
4 1 0 2
3 2 0 2
9 2 0 2
5 2 0 2
5 2 0 2
5 2 0 2
5 2 0 2
5 2 0 2
5 2 0 2
5 2 0 2
5 2 0 3
5 2 0 2
5 2 0 2
5 2 0 2
5 2 0 2
7 2 0 2
3 2 0 0
7 2 0 3
5 2 0 2
5 2 0 4
5 2 0 4
5 2 0 4
5 2 0 4
5 2 0 4
5 2 0 4
6 2 1 4
5 2 0 4
5 2 0 4
8 2 1 5
6 2 1 4
7 2 0 5
3 1 0 1
3 1 0 1
4 1 0 1
3 1 0 1
4 1 0 2
4 1 0 2
4 1 0 2
3 1 0 2
6 1 0 2
5 1 0 2
5 1 0 2
5 1 0 3
5 1 0 2
3 1 0 2
4 1 0 2
5 1 0 2
6 1 0 2
6 1 0 4
5 1 0 3
5 1 0 2
8 2 1 4
6 1 1 3
6 1 1 3
5 1 0 2
7 1 0 3
4 1 1 2
5 1 0 0
5 1 0 2
9 1 4 2
7 3 4 5
7 4 6 4
7 2 4 3
5 2 4 4
10 1 3 3
7 1 4 1
8 4 3 6
7 2 4 3
10 1 3 3
4 1 5 2
8 4 3 4
8 2 3 4
7 1 4 3
10 4 3 6
6 2 3 4
8 4 3 4
8 2 3 4
12 2 3 6
8 2 3 2
11 3 4 3
8 2 3 4
7 2 4 5
3 1 4 1
3 1 4 1
8 4 3 4
8 4 3 4
8 2 3 4
6 2 3 4
6 2 3 4
10 2 3 4
10 4 3 8
10 2 3 6
8 4 3 4
8 2 3 4
14 4 3 6
8 2 3 4
7 2 4 5
8 4 3 4
10 4 3 6
6 2 3 4
6 2 3 4
5 2 4 3
5 2 4 3
8 1 3 3
5 1 4 3
7 1 4 2
12 2 2 6
10 2 3 4
8 2 3 4
12 1 3 6
16 1 3 8
10 2 3 4
10 2 3 4
10 2 3 4
8 2 3 6
8 4 3 4
8 2 3 4
8 2 3 4
10 2 3 6
9 2 4 2
12 2 3 4
11 2 1 6
9 2 1 4
11 1 1 3
11 2 1 5
9 2 1 4
11 2 1 4
9 2 1 4
12 2 1 4
9 2 1 4
9 2 1 6
9 2 1 4
11 4 1 4
5 1 1 2
4 1 2 2
9 1 2 4
5 1 1 2
11 1 2 4
5 1 1 2
4 1 2 1
8 1 3 3
5 1 1 1
5 1 1 2
5 1 1 2
19 1 11 6
9 1 2 5
8 1 2 3
15 1 2 7
7 1 1 3
4 1 4 1
13 1 3 4
25 2 9 9
9 1 1 4
3 1 4 1
8 1 2 2
7 1 1 3
13 1 3 7
5 1 1 3
11 1 3 6
5 1 1 3
5 1 1 3
38 1 10 14
5 1 1 2
7 1 2 4
9 1 2 7
9 1 2 3
9 1 2 4
11 1 2 5
4 1 2 2
12 1 5 5
11 1 4 5
25 1 13 10
17 1 5 9
10 1 3 4
22 1 10 9
8 1 2 3
11 1 1 3
11 1 3 4
27 1 5 17
29 1 9 14
28 1 8 11
34 1 8 15
23 1 6 10
40 1 12 17
37 1 11 17
35 1 15 10
37 2 12 13
35 1 13 14
27 1 8 10
69 2 21 33
44 1 14 21
21 1 6 8
37 2 19 17
33 1 15 17
30 1 8 12
25 1 10 9
11 1 6 5
23 1 13 9
37 1 15 19
43 1 17 17
41 1 20 20
25 1 7 10
25 1 10 14
46 1 15 20
35 1 9 15
54 1 12 22
54 1 12 22
40 1 12 17
37 1 10 17
24 1 9 12
31 1 19 15
54 1 19 20
61 1 18 29
20 1 10 7
44 1 23 17
7 1 2 4
9 1 2 5
40 1 18 14
41 1 14 18
36 1 15 17
15 1 3 7
17 1 7 12
11 1 2 5
19 1 8 9
38 3 17 12
63 1 22 30
44 1 14 19
39 1 11 17
16 1 8 8
23 1 6 8
8 1 3 5
10 1 2 5
25 1 9 10
90 5 43 47
36 1 13 19
36 1 13 14
11 1 3 5
193 2 84 87
30 1 10 15
13 1 3 8
51 1 16 25
56 1 18 28
57 1 33 25
36 1 17 15
46 1 21 22
31 1 10 14
22 1 5 13
42 1 19 19
44 1 10 18
16 1 5 9
17 1 3 6
31 1 10 15
9 1 1 3
15 1 3 6
23 1 9 11
32 1 12 16
33 1 7 12
33 1 7 12
14 1 7 6
17 1 7 8
90 2 50 43
31 1 14 15
12 1 5 8
25 1 13 12
55 1 46 25
44 1 13 22
36 1 14 20
15 1 3 8
43 1 16 25
172 1 78 86
26 1 11 12
27 1 16 15
228 1 119 100
41 1 18 19
76 1 26 38
10 1 4 8
30 2 11 14
21 1 12 11
14 1 4 12
19 1 6 15
23 1 11 11
42 1 16 21
21 2 9 10
22 1 10 9
128 2 34 49
25 1 8 9
35 1 12 13
35 1 12 13
35 1 12 13
35 1 11 16
21 1 8 9
54 1 22 25
9 1 4 3
25 1 9 12
31 1 13 14
31 1 14 16
32 1 9 10
57 1 22 26
46 3 13 23
13 1 3 7
23 3 9 9
47 2 16 23
20 1 5 10
64 1 26 27
25 1 7 14
8 1 3 6
9 1 5 2
30 1 10 16
40 1 17 23
10 1 4 4
93 1 32 40
13 1 4 8
11 1 3 6
30 1 15 16
38 1 10 14
42 1 14 23
36 1 11 14
29 1 16 12
29 1 16 12
17 1 9 8
23 1 7 10
20 1 10 10
13 1 4 8
20 1 8 11
9 1 5 3
25 1 13 12
25 1 13 12
36 1 18 17
47 1 11 29
29 1 10 14
23 1 15 12
45 1 17 20
72 2 39 34
18 1 6 10
30 1 12 11
34 1 11 16
12 1 3 6
11 1 2 5
9 1 3 6
23 1 9 10
85 2 36 37
38 1 12 15
17 1 5 5
25 1 7 15
8 1 3 4
59 1 25 26
13 1 3 6
17 1 6 10
12 1 4 5
20 1 6 10
21 1 6 14
11 1 2 5
17 1 4 7
35 1 9 17
14 1 8 7
13 1 4 6
20 2 10 12
22 1 10 14
31 1 12 17
24 1 9 13
20 1 7 7
16 1 1 7
20 1 4 9
31 1 9 14
16 1 5 10
30 1 12 17
15 2 7 5
18 4 6 5
11 1 3 4
11 1 3 4
11 1 3 4
11 1 3 4
11 1 3 4
11 2 2 4
22 1 10 9
6 1 3 2
13 1 4 3
14 1 4 6
36 1 18 19
30 1 13 14
46 1 15 20
24 1 9 12
7 1 3 4
36 1 9 15
38 1 17 19
15 1 6 7
8 1 3 3
21 2 5 10
8 1 4 5
30 1 14 13
36 1 13 19
11 1 3 8
22 1 6 13
31 1 9 15
12 1 6 8
14 1 5 6
36 1 14 20
3 1 4 3
45 1 14 23
14 1 5 12
31 1 14 16
35 3 10 17
26 1 8 13
20 1 6 10
20 1 4 6
20 1 4 6
20 1 4 6
13 1 4 7
36 1 18 17
25 1 7 14
17 1 9 11
42 1 18 22
8 1 4 4
11 1 3 5
27 1 10 11
13 1 4 6
31 1 11 17
31 1 11 11
16 1 2 7
48 2 20 28
10 2 4 7
24 1 7 11
134 3 40 63
42 1 10 29
21 1 7 11
11 1 3 4
29 1 10 14
35 1 15 10
54 1 19 20
30 1 9 14
25 1 10 14
35 1 9 15
23 1 7 10
40 1 12 17
37 1 11 17
46 1 16 19
42 1 12 16
35 1 14 14
37 2 13 13
27 1 9 10
34 1 12 18
26 1 13 14
69 1 23 34
36 2 10 13
25 1 7 10
29 1 10 11
45 3 16 19
26 1 5 11
38 1 18 16
44 1 23 17
43 1 18 17
9 1 3 5
11 1 6 5
15 1 4 7
27 1 10 13
17 1 8 12
38 3 17 12
11 1 3 5
35 2 11 14
19 1 8 9
44 1 14 19
23 1 5 11
16 1 8 8
23 1 7 8
10 1 3 5
90 5 43 47
36 1 14 14
32 1 13 13
13 1 4 8
51 1 17 25
56 1 18 27
31 1 11 19
31 1 11 14
45 2 17 19
44 1 11 18
9 1 2 3
41 2 13 16
15 1 4 6
15 1 4 6
18 2 9 9
14 1 7 6
10 1 6 3
66 4 26 29
31 1 14 15
17 1 7 8
25 1 14 12
124 1 55 64
39 1 13 17
44 1 14 22
41 1 20 19
69 3 32 34
28 1 10 12
83 1 48 35
35 3 14 24
10 1 5 8
19 1 7 15
172 1 78 86
228 1 121 100
42 1 16 21
35 1 12 16
36 1 12 15
54 1 22 25
29 1 12 14
56 1 22 26
32 1 9 10
47 2 14 20
63 1 27 29
7 1 1 3
32 1 10 14
46 3 13 23
61 1 27 29
13 1 3 7
37 2 21 22
54 1 25 24
45 1 17 22
47 2 18 23
30 1 8 12
25 1 8 14
8 1 4 6
9 1 6 2
10 1 4 4
93 1 33 40
37 1 10 14
32 1 15 16
11 1 5 5
49 2 22 20
36 1 14 16
42 1 14 23
13 1 5 8
9 1 6 3
36 1 12 15
57 1 21 24
25 1 13 12
34 1 10 15
47 1 12 29
30 1 12 14
26 1 10 14
23 1 10 13
30 1 13 11
34 1 12 16
11 1 3 5
7 1 2 4
9 1 4 6
37 1 10 16
44 1 21 19
43 1 20 16
53 1 22 26
46 12 20 18
35 11 20 14
36 10 17 16
43 10 17 18
51 3 18 19
39 2 12 16
86 2 35 38
38 1 12 15
17 1 6 5
25 1 7 15
45 1 12 19
13 1 4 6
17 1 7 10
20 1 7 10
47 1 15 21
14 1 9 7
36 1 15 17
11 1 2 7
31 1 9 14
43 2 16 23
11 1 4 4
23 2 7 8
33 2 13 13
22 1 11 9
27 1 11 11
37 1 13 18
44 1 13 17
35 1 8 13
41 1 9 17
25 1 6 9
22 1 8 7
32 1 14 14
28 1 16 13
32 1 16 12
33 1 14 15
32 1 13 12
22 1 9 9
42 2 14 19
14 2 4 8
35 1 12 13
14 1 4 6
14 1 4 6
28 1 6 10
23 1 7 10
38 1 10 16
23 1 6 8
30 1 10 12
33 1 7 17
13 1 3 4
82 1 22 41
21 1 10 9
29 1 12 10
19 1 4 7
51 1 18 24
18 1 8 6
19 1 6 7
11 2 6 6
29 1 9 12
24 1 10 6
11 1 5 4
40 1 12 21
13 1 5 7
17 1 5 8
91 2 20 41
53 1 15 28
19 1 6 8
29 1 9 18
19 1 9 10
0 2 10 0
0 1 9 0
0 1 8 0
0 1 9 0
0 1 11 0
0 7 17 0
0 4 9 0
0 1 9 0
0 1 3 0
0 1 3 0
0 1 3 0
0 1 4 0
